H|           1| |00 00 00.22|+00 00 00.0| 9.10| |H|000.00091185|+01.08901332| |   3.54|   -5.20|   -1.88|  1.32|  0.74|  1.39|  1.36|  0.81| 0.32|-0.07|-0.11|-0.24| 0.09|-0.01| 0.10|-0.01| 0.01| 0.34|  0| 0.74|     1| 9.643|0.020| 9.130|0.019| | 0.482|0.025|T|0.55|0.03|L| | 9.2043|0.0020|0.017| 87| | 9.17| 9.24|       | | | |          | |  | 1| | | |  |   |       |     |     |    |S| | |224700|B+00 5077 |          |          |0.66|F5          |S 
H|           2| |04 00 00.91|-00 00 00.0| 9.27| |G|000.00379737|-19.49883745|+|  21.90|  181.21|   -0.93|  1.28|  0.70|  3.10|  1.74|  0.92| 0.12|-0.14|-0.24|-0.29| 0.01| 0.21|-0.02|-0.19|-0.28| 0.14|  2| 1.45|     2|10.519|0.033| 9.378|0.021| | 0.999|0.002|G|1.04|0.00|I| | 9.4017|0.0017|0.015|120| | 9.37| 9.44|       |C| | |          | |  | 1|O| | |  |   |       |     |     |    | | | |224690|B-20 6688 |          |          |1.04|K3V         |4 
H|           3| |08 00 01.20|+00 00 00.0| 6.61| |G|000.00500795|+38.85928608| |   2.81|    5.24|   -2.91|  0.53|  0.40|  0.63|  0.57|  0.47| 0.06| 0.09| 0.04| 0.43|-0.01|-0.06| 0.03| 0.24| 0.07| 0.21|  0|-0.45|     3| 6.576|0.004| 6.621|0.005| |-0.019|0.004|G|0.00|0.00|H| | 6.6081|0.0007|0.008|127| | 6.60| 6.62|       |C| | |00000+3852|I| 1| 1| | | |  |   |       |     |     |    |S| | |224699|B+38 5108 |          |          |0.00|B9          |S 
H|           4| |12 00 02.01|-00 00 00.0| 8.06| |H|000.00838170|-51.89354612| |   7.75|   62.85|    0.16|  0.53|  0.59|  0.97|  0.65|  0.65|-0.22|-0.09|-0.03| 0.24| 0.20| 0.08| 0.18| 0.08|-0.31|-0.18|  0|-1.46|     4| 8.471|0.007| 8.092|0.007| | 0.370|0.009|T|0.43|0.01|L| | 8.1498|0.0011|0.015|201| | 8.12| 8.18|       | | | |          | |  | 1| | | |  |   |       |     |     |    |S| | |224707|          |          |P-52 12237|0.43|F0V         |2 
H|           5| |16 00 02.39|-00 00 00.0| 8.55| |H|000.00996534|-40.59122440| |   2.87|    2.53|    9.07|  0.64|  0.61|  1.11|  0.67|  0.74| 0.10| 0.24| 0.06| 0.26|-0.10| 0.20|-0.16|-0.30|-0.19| 0.06|  0|-1.24|     5| 9.693|0.014| 8.656|0.010| | 0.902|0.013|T|0.90|0.01|L| | 8.7077|0.0018|0.019|161| | 8.68| 8.74|       | | | |          | |  | 1| | | |  |   |       |     |     |    | | | |224705|          |C-41 15372|P-41  9991|0.95|G8III       |2 
H|           6| |20 00 02.39|-00 00 00.0| 8.55| |H|000.00996534|-40.59122440| |   2.87|    2.53|    9.07|  0.64|  0.61|  1.11|  0.67|  0.74| 0.10| 0.24| 0.06| 0.26|-0.10| 0.20|-0.16|-0.30|-0.19| 0.06|  0|-1.24|     5| 9.693|0.014| 8.656|0.010| | 0.902|0.013|T|0.90|0.01|L| | 8.7077|0.0018|0.019|161| | 8.68| 8.74|       | | | |          | |  | 1| | | |  |   |       |     |     |    | | | |224705|          |C-41 15372|P-41  9991|0.95|G8III       |2 
H|           1| |00 00 00.22|+45 00 00.0| 9.10| |H|000.00091185|+01.08901332| |   3.54|   -5.20|   -1.88|  1.32|  0.74|  1.39|  1.36|  0.81| 0.32|-0.07|-0.11|-0.24| 0.09|-0.01| 0.10|-0.01| 0.01| 0.34|  0| 0.74|     1| 9.643|0.020| 9.130|0.019| | 0.482|0.025|T|0.55|0.03|L| | 9.2043|0.0020|0.017| 87| | 9.17| 9.24|       | | | |          | |  | 1| | | |  |   |       |     |     |    |S| | |224700|B+00 5077 |          |          |0.66|F5          |S 
H|           2| |04 00 00.91|-45 00 00.0| 9.27| |G|000.00379737|-19.49883745|+|  21.90|  181.21|   -0.93|  1.28|  0.70|  3.10|  1.74|  0.92| 0.12|-0.14|-0.24|-0.29| 0.01| 0.21|-0.02|-0.19|-0.28| 0.14|  2| 1.45|     2|10.519|0.033| 9.378|0.021| | 0.999|0.002|G|1.04|0.00|I| | 9.4017|0.0017|0.015|120| | 9.37| 9.44|       |C| | |          | |  | 1|O| | |  |   |       |     |     |    | | | |224690|B-20 6688 |          |          |1.04|K3V         |4 
H|           3| |08 00 01.20|+45 00 00.0| 6.61| |G|000.00500795|+38.85928608| |   2.81|    5.24|   -2.91|  0.53|  0.40|  0.63|  0.57|  0.47| 0.06| 0.09| 0.04| 0.43|-0.01|-0.06| 0.03| 0.24| 0.07| 0.21|  0|-0.45|     3| 6.576|0.004| 6.621|0.005| |-0.019|0.004|G|0.00|0.00|H| | 6.6081|0.0007|0.008|127| | 6.60| 6.62|       |C| | |00000+3852|I| 1| 1| | | |  |   |       |     |     |    |S| | |224699|B+38 5108 |          |          |0.00|B9          |S 
H|           4| |12 00 02.01|-45 00 00.0| 8.06| |H|000.00838170|-51.89354612| |   7.75|   62.85|    0.16|  0.53|  0.59|  0.97|  0.65|  0.65|-0.22|-0.09|-0.03| 0.24| 0.20| 0.08| 0.18| 0.08|-0.31|-0.18|  0|-1.46|     4| 8.471|0.007| 8.092|0.007| | 0.370|0.009|T|0.43|0.01|L| | 8.1498|0.0011|0.015|201| | 8.12| 8.18|       | | | |          | |  | 1| | | |  |   |       |     |     |    |S| | |224707|          |          |P-52 12237|0.43|F0V         |2 
H|           5| |16 00 02.39|-45 00 00.0| 8.55| |H|000.00996534|-40.59122440| |   2.87|    2.53|    9.07|  0.64|  0.61|  1.11|  0.67|  0.74| 0.10| 0.24| 0.06| 0.26|-0.10| 0.20|-0.16|-0.30|-0.19| 0.06|  0|-1.24|     5| 9.693|0.014| 8.656|0.010| | 0.902|0.013|T|0.90|0.01|L| | 8.7077|0.0018|0.019|161| | 8.68| 8.74|       | | | |          | |  | 1| | | |  |   |       |     |     |    | | | |224705|          |C-41 15372|P-41  9991|0.95|G8III       |2 
H|           6| |20 00 02.39|-45 00 00.0| 8.55| |H|000.00996534|-40.59122440| |   2.87|    2.53|    9.07|  0.64|  0.61|  1.11|  0.67|  0.74| 0.10| 0.24| 0.06| 0.26|-0.10| 0.20|-0.16|-0.30|-0.19| 0.06|  0|-1.24|     5| 9.693|0.014| 8.656|0.010| | 0.902|0.013|T|0.90|0.01|L| | 8.7077|0.0018|0.019|161| | 8.68| 8.74|       | | | |          | |  | 1| | | |  |   |       |     |     |    | | | |224705|          |C-41 15372|P-41  9991|0.95|G8III       |2 
